7 0 7
6.99779 0.175911 7
6.99116 0.35171 7
6.98011 0.527288 7
6.96466 0.702532 7
6.9448 0.877333 7
6.92056 1.05158 7
6.89195 1.22516 7
6.85899 1.39797 7
6.82169 1.5699 7
6.78008 1.74083 7
6.73419 1.91066 7
6.68405 2.07929 7
6.62969 2.24661 7
6.57114 2.4125 7
6.50844 2.57687 7
6.44162 2.73962 7
6.37074 2.90063 7
6.29584 3.05981 7
6.21696 3.21706 7
6.13415 3.37228 7
6.04746 3.52536 7
5.95696 3.67622 7
5.8627 3.82476 7
5.76473 3.97088 7
5.66312 4.1145 7
5.55793 4.25551 7
5.44924 4.39384 7
5.3371 4.52939 7
5.22159 4.66208 7
5.10278 4.79183 7
4.98075 4.91855 7
4.85557 5.04216 7
4.72733 5.16259 7
4.5961 5.27976 7
4.46197 5.39359 7
4.32502 5.50402 7
4.18533 5.61097 7
4.04301 5.71437 7
3.89813 5.81417 7
3.75079 5.9103 7
3.60108 6.00269 7
3.44909 6.09129 7
3.29493 6.17604 7
3.13868 6.25689 7
2.98046 6.33379 7
2.82035 6.40669 7
2.65845 6.47554 7
2.49488 6.5403 7
2.32974 6.60093 7
2.16312 6.6574 7
1.99513 6.70965 7
1.82589 6.75767 7
1.65549 6.80142 7
1.48405 6.84088 7
1.31167 6.87601 7
1.13846 6.9068 7
0.964532 6.93323 7
0.789995 6.95528 7
0.614958 6.97294 7
0.439534 6.98619 7
0.263831 6.99503 7
0.0879623 6.99945 7
-0.0879623 6.99945 7
-0.263831 6.99503 7
-0.439534 6.98619 7
-0.614958 6.97294 7
-0.789995 6.95528 7
-0.964532 6.93323 7
-1.13846 6.9068 7
-1.31167 6.87601 7
-1.48405 6.84088 7
-1.65549 6.80142 7
-1.82589 6.75767 7
-1.99513 6.70965 7
-2.16312 6.6574 7
-2.32974 6.60093 7
-2.49488 6.5403 7
-2.65845 6.47554 7
-2.82035 6.40669 7
-2.98046 6.33379 7
-3.13868 6.25689 7
-3.29493 6.17604 7
-3.44909 6.09129 7
-3.60108 6.00269 7
-3.75079 5.9103 7
-3.89813 5.81417 7
-4.04301 5.71437 7
-4.18533 5.61097 7
-4.32502 5.50402 7
-4.46197 5.39359 7
-4.5961 5.27976 7
-4.72733 5.16259 7
-4.85557 5.04216 7
-4.98075 4.91855 7
-5.10278 4.79183 7
-5.22159 4.66208 7
-5.3371 4.52939 7
-5.44924 4.39384 7
-5.55793 4.25551 7
-5.66312 4.1145 7
-5.76473 3.97088 7
-5.8627 3.82476 7
-5.95696 3.67622 7
-6.04746 3.52536 7
-6.13415 3.37228 7
-6.21696 3.21706 7
-6.29584 3.05981 7
-6.37074 2.90063 7
-6.44162 2.73962 7
-6.50844 2.57687 7
-6.57114 2.4125 7
-6.62969 2.24661 7
-6.68405 2.07929 7
-6.73419 1.91066 7
-6.78008 1.74083 7
-6.82169 1.5699 7
-6.85899 1.39797 7
-6.89195 1.22516 7
-6.92056 1.05158 7
-6.9448 0.877333 7
-6.96466 0.702532 7
-6.98011 0.527288 7
-6.99116 0.35171 7
-6.99779 0.175911 7
-7 8.57253e-16 7
-6.99779 -0.175911 7
-6.99116 -0.35171 7
-6.98011 -0.527288 7
-6.96466 -0.702532 7
-6.9448 -0.877333 7
-6.92056 -1.05158 7
-6.89195 -1.22516 7
-6.85899 -1.39797 7
-6.82169 -1.5699 7
-6.78008 -1.74083 7
-6.73419 -1.91066 7
-6.68405 -2.07929 7
-6.62969 -2.24661 7
-6.57114 -2.4125 7
-6.50844 -2.57687 7
-6.44162 -2.73962 7
-6.37074 -2.90063 7
-6.29584 -3.05981 7
-6.21696 -3.21706 7
-6.13415 -3.37228 7
-6.04746 -3.52536 7
-5.95696 -3.67622 7
-5.8627 -3.82476 7
-5.76473 -3.97088 7
-5.66312 -4.1145 7
-5.55793 -4.25551 7
-5.44924 -4.39384 7
-5.3371 -4.52939 7
-5.22159 -4.66208 7
-5.10278 -4.79183 7
-4.98075 -4.91855 7
-4.85557 -5.04216 7
-4.72733 -5.16259 7
-4.5961 -5.27976 7
-4.46197 -5.39359 7
-4.32502 -5.50402 7
-4.18533 -5.61097 7
-4.04301 -5.71437 7
-3.89813 -5.81417 7
-3.75079 -5.9103 7
-3.60108 -6.00269 7
-3.44909 -6.09129 7
-3.29493 -6.17604 7
-3.13868 -6.25689 7
-2.98046 -6.33379 7
-2.82035 -6.40669 7
-2.65845 -6.47554 7
-2.49488 -6.5403 7
-2.32974 -6.60093 7
-2.16312 -6.6574 7
-1.99513 -6.70965 7
-1.82589 -6.75767 7
-1.65549 -6.80142 7
-1.48405 -6.84088 7
-1.31167 -6.87601 7
-1.13846 -6.9068 7
-0.964532 -6.93323 7
-0.789995 -6.95528 7
-0.614958 -6.97294 7
-0.439534 -6.98619 7
-0.263831 -6.99503 7
-0.0879623 -6.99945 7
0.0879623 -6.99945 7
0.263831 -6.99503 7
0.439534 -6.98619 7
0.614958 -6.97294 7
0.789995 -6.95528 7
0.964532 -6.93323 7
1.13846 -6.9068 7
1.31167 -6.87601 7
1.48405 -6.84088 7
1.65549 -6.80142 7
1.82589 -6.75767 7
1.99513 -6.70965 7
2.16312 -6.6574 7
2.32974 -6.60093 7
2.49488 -6.5403 7
2.65845 -6.47554 7
2.82035 -6.40669 7
2.98046 -6.33379 7
3.13868 -6.25689 7
3.29493 -6.17604 7
3.44909 -6.09129 7
3.60108 -6.00269 7
3.75079 -5.9103 7
3.89813 -5.81417 7
4.04301 -5.71437 7
4.18533 -5.61097 7
4.32502 -5.50402 7
4.46197 -5.39359 7
4.5961 -5.27976 7
4.72733 -5.16259 7
4.85557 -5.04216 7
4.98075 -4.91855 7
5.10278 -4.79183 7
5.22159 -4.66208 7
5.3371 -4.52939 7
5.44924 -4.39384 7
5.55793 -4.25551 7
5.66312 -4.1145 7
5.76473 -3.97088 7
5.8627 -3.82476 7
5.95696 -3.67622 7
6.04746 -3.52536 7
6.13415 -3.37228 7
6.21696 -3.21706 7
6.29584 -3.05981 7
6.37074 -2.90063 7
6.44162 -2.73962 7
6.50844 -2.57687 7
6.57114 -2.4125 7
6.62969 -2.24661 7
6.68405 -2.07929 7
6.73419 -1.91066 7
6.78008 -1.74083 7
6.82169 -1.5699 7
6.85899 -1.39797 7
6.89195 -1.22516 7
6.92056 -1.05158 7
6.9448 -0.877333 7
6.96466 -0.702532 7
6.98011 -0.527288 7
6.99116 -0.35171 7
6.99779 -0.175911 7
