10 0 6 10
9.99684 0.251301 8 10
9.98737 0.502443 7 10
9.97159 0.753268 5 10
9.94951 1.00362 6 10
9.92115 1.25333 5 10
9.88652 1.50226 7 10
9.84564 1.75023 7 10
9.79855 1.9971 7 10
9.74527 2.24271 5 10
9.68583 2.4869 6 10
9.62028 2.72952 6 10
9.54865 2.97042 6 10
9.47098 3.20944 8 10
9.38734 3.44643 6 10
9.29776 3.68125 8 10
9.20232 3.91374 8 10
9.10106 4.14376 7 10
8.99405 4.37116 8 10
8.88136 4.5958 5 10
8.76307 4.81754 8 10
8.63923 5.03623 5 10
8.50994 5.25175 7 10
8.37528 5.46394 6 10
8.23533 5.67269 5 10
8.09017 5.87785 7 10
7.9399 6.0793 6 10
7.78462 6.27691 5 10
7.62443 6.47056 7 10
7.45941 6.66012 8 10
7.28969 6.84547 8 10
7.11536 7.0265 7 10
6.93653 7.20309 8 10
6.75333 7.37513 7 10
6.56586 7.54251 6 10
6.37424 7.70513 5 10
6.1786 7.86288 8 10
5.97905 8.01567 8 10
5.77573 8.16339 8 10
5.56876 8.30596 7 10
5.35827 8.44328 8 10
5.1444 8.57527 8 10
4.92727 8.70184 7 10
4.70704 8.82291 6 10
4.48383 8.93841 6 10
4.25779 9.04827 5 10
4.02906 9.15241 6 10
3.79779 9.25077 8 10
3.56412 9.34329 6 10
3.3282 9.42991 5 10
3.09017 9.51057 8 10
2.85019 9.58522 5 10
2.60842 9.65382 7 10
2.36499 9.71632 6 10
2.12007 9.77268 6 10
1.87381 9.82287 8 10
1.62637 9.86686 8 10
1.3779 9.90461 6 10
1.12856 9.93611 6 10
0.878512 9.96134 7 10
0.627905 9.98027 5 10
0.376902 9.99289 8 10
0.12566 9.99921 7 10
-0.12566 9.99921 7 10
-0.376902 9.99289 5 10
-0.627905 9.98027 7 10
-0.878512 9.96134 5 10
-1.12856 9.93611 7 10
-1.3779 9.90461 5 10
-1.62637 9.86686 5 10
-1.87381 9.82287 7 10
-2.12007 9.77268 6 10
-2.36499 9.71632 7 10
-2.60842 9.65382 6 10
-2.85019 9.58522 7 10
-3.09017 9.51057 7 10
-3.3282 9.42991 7 10
-3.56412 9.34329 6 10
-3.79779 9.25077 6 10
-4.02906 9.15241 5 10
-4.25779 9.04827 6 10
-4.48383 8.93841 8 10
-4.70704 8.82291 5 10
-4.92727 8.70184 7 10
-5.1444 8.57527 5 10
-5.35827 8.44328 5 10
-5.56876 8.30596 7 10
-5.77573 8.16339 5 10
-5.97905 8.01567 8 10
-6.1786 7.86288 5 10
-6.37424 7.70513 5 10
-6.56586 7.54251 8 10
-6.75333 7.37513 7 10
-6.93653 7.20309 8 10
-7.11536 7.0265 6 10
-7.28969 6.84547 7 10
-7.45941 6.66012 7 10
-7.62443 6.47056 7 10
-7.78462 6.27691 6 10
-7.9399 6.0793 6 10
-8.09017 5.87785 6 10
-8.23533 5.67269 8 10
-8.37528 5.46394 8 10
-8.50994 5.25175 7 10
-8.63923 5.03623 5 10
-8.76307 4.81754 7 10
-8.88136 4.5958 6 10
-8.99405 4.37116 7 10
-9.10106 4.14376 6 10
-9.20232 3.91374 7 10
-9.29776 3.68125 6 10
-9.38734 3.44643 6 10
-9.47098 3.20944 5 10
-9.54865 2.97042 5 10
-9.62028 2.72952 7 10
-9.68583 2.4869 6 10
-9.74527 2.24271 6 10
-9.79855 1.9971 6 10
-9.84564 1.75023 6 10
-9.88652 1.50226 5 10
-9.92115 1.25333 7 10
-9.94951 1.00362 7 10
-9.97159 0.753268 6 10
-9.98737 0.502443 5 10
-9.99684 0.251301 8 10
-10 1.22465e-15 8 10
-9.99684 -0.251301 8 10
-9.98737 -0.502443 7 10
-9.97159 -0.753268 8 10
-9.94951 -1.00362 5 10
-9.92115 -1.25333 7 10
-9.88652 -1.50226 7 10
-9.84564 -1.75023 6 10
-9.79855 -1.9971 5 10
-9.74527 -2.24271 7 10
-9.68583 -2.4869 7 10
-9.62028 -2.72952 8 10
-9.54865 -2.97042 8 10
-9.47098 -3.20944 8 10
-9.38734 -3.44643 6 10
-9.29776 -3.68125 6 10
-9.20232 -3.91374 8 10
-9.10106 -4.14376 6 10
-8.99405 -4.37116 8 10
-8.88136 -4.5958 6 10
-8.76307 -4.81754 6 10
-8.63923 -5.03623 6 10
-8.50994 -5.25175 7 10
-8.37528 -5.46394 6 10
-8.23533 -5.67269 5 10
-8.09017 -5.87785 7 10
-7.9399 -6.0793 7 10
-7.78462 -6.27691 7 10
-7.62443 -6.47056 7 10
-7.45941 -6.66012 6 10
-7.28969 -6.84547 5 10
-7.11536 -7.0265 5 10
-6.93653 -7.20309 8 10
-6.75333 -7.37513 7 10
-6.56586 -7.54251 8 10
-6.37424 -7.70513 7 10
-6.1786 -7.86288 8 10
-5.97905 -8.01567 5 10
-5.77573 -8.16339 6 10
-5.56876 -8.30596 5 10
-5.35827 -8.44328 8 10
-5.1444 -8.57527 8 10
-4.92727 -8.70184 6 10
-4.70704 -8.82291 7 10
-4.48383 -8.93841 7 10
-4.25779 -9.04827 8 10
-4.02906 -9.15241 5 10
-3.79779 -9.25077 7 10
-3.56412 -9.34329 5 10
-3.3282 -9.42991 5 10
-3.09017 -9.51057 6 10
-2.85019 -9.58522 5 10
-2.60842 -9.65382 8 10
-2.36499 -9.71632 5 10
-2.12007 -9.77268 5 10
-1.87381 -9.82287 6 10
-1.62637 -9.86686 7 10
-1.3779 -9.90461 6 10
-1.12856 -9.93611 8 10
-0.878512 -9.96134 7 10
-0.627905 -9.98027 7 10
-0.376902 -9.99289 5 10
-0.12566 -9.99921 5 10
0.12566 -9.99921 8 10
0.376902 -9.99289 8 10
0.627905 -9.98027 5 10
0.878512 -9.96134 6 10
1.12856 -9.93611 5 10
1.3779 -9.90461 8 10
1.62637 -9.86686 8 10
1.87381 -9.82287 6 10
2.12007 -9.77268 7 10
2.36499 -9.71632 6 10
2.60842 -9.65382 6 10
2.85019 -9.58522 7 10
3.09017 -9.51057 6 10
3.3282 -9.42991 5 10
3.56412 -9.34329 8 10
3.79779 -9.25077 8 10
4.02906 -9.15241 5 10
4.25779 -9.04827 6 10
4.48383 -8.93841 8 10
4.70704 -8.82291 5 10
4.92727 -8.70184 7 10
5.1444 -8.57527 8 10
5.35827 -8.44328 5 10
5.56876 -8.30596 5 10
5.77573 -8.16339 5 10
5.97905 -8.01567 6 10
6.1786 -7.86288 6 10
6.37424 -7.70513 7 10
6.56586 -7.54251 8 10
6.75333 -7.37513 6 10
6.93653 -7.20309 6 10
7.11536 -7.0265 8 10
7.28969 -6.84547 8 10
7.45941 -6.66012 8 10
7.62443 -6.47056 7 10
7.78462 -6.27691 8 10
7.9399 -6.0793 5 10
8.09017 -5.87785 5 10
8.23533 -5.67269 7 10
8.37528 -5.46394 7 10
8.50994 -5.25175 5 10
8.63923 -5.03623 5 10
8.76307 -4.81754 7 10
8.88136 -4.5958 6 10
8.99405 -4.37116 6 10
9.10106 -4.14376 7 10
9.20232 -3.91374 6 10
9.29776 -3.68125 6 10
9.38734 -3.44643 5 10
9.47098 -3.20944 7 10
9.54865 -2.97042 7 10
9.62028 -2.72952 5 10
9.68583 -2.4869 7 10
9.74527 -2.24271 8 10
9.79855 -1.9971 7 10
9.84564 -1.75023 6 10
9.88652 -1.50226 7 10
9.92115 -1.25333 8 10
9.94951 -1.00362 8 10
9.97159 -0.753268 5 10
9.98737 -0.502443 5 10
9.99684 -0.251301 8 10
