5 0 53
4.99842 0.0753903 53
4.99368 0.150733 53
4.98579 0.22598 53
4.97476 0.301085 53
4.96057 0.376 53
4.94326 0.450677 53
4.92282 0.525069 53
4.89928 0.59913 53
4.87263 0.672812 53
4.84292 0.74607 53
4.81014 0.818856 53
4.77432 0.891125 53
4.73549 0.962831 53
4.69367 1.03393 53
4.64888 1.10437 53
4.60116 1.17412 53
4.55053 1.24313 53
4.49703 1.31135 53
4.44068 1.37874 53
4.38153 1.44526 53
4.31962 1.51087 53
4.25497 1.57552 53
4.18764 1.63918 53
4.11766 1.70181 53
4.04508 1.76336 53
3.96995 1.82379 53
3.89231 1.88307 53
3.81221 1.94117 53
3.72971 1.99804 53
3.64484 2.05364 53
3.55768 2.10795 53
3.46827 2.16093 53
3.37666 2.21254 53
3.28293 2.26275 53
3.18712 2.31154 53
3.0893 2.35887 53
2.98952 2.4047 53
2.88786 2.44902 53
2.78438 2.49179 53
2.67913 2.53298 53
2.5722 2.57258 53
2.46364 2.61055 53
2.35352 2.64687 53
2.24192 2.68152 53
2.1289 2.71448 53
2.01453 2.74572 53
1.8989 2.77523 53
1.78206 2.80299 53
1.6641 2.82897 53
1.54508 2.85317 53
1.4251 2.87557 53
1.30421 2.89614 53
1.18249 2.9149 53
1.06004 2.9318 53
0.936907 2.94686 53
0.813186 2.96006 53
0.688951 2.97138 53
0.564282 2.98083 53
0.439256 2.9884 53
0.313953 2.99408 53
0.188451 2.99787 53
0.0628302 2.99976 53
-0.0628302 2.99976 53
-0.188451 2.99787 53
-0.313953 2.99408 53
-0.439256 2.9884 53
-0.564282 2.98083 53
-0.688951 2.97138 53
-0.813186 2.96006 53
-0.936907 2.94686 53
-1.06004 2.9318 53
-1.18249 2.9149 53
-1.30421 2.89614 53
-1.4251 2.87557 53
-1.54508 2.85317 53
-1.6641 2.82897 53
-1.78206 2.80299 53
-1.8989 2.77523 53
-2.01453 2.74572 53
-2.1289 2.71448 53
-2.24192 2.68152 53
-2.35352 2.64687 53
-2.46364 2.61055 53
-2.5722 2.57258 53
-2.67913 2.53298 53
-2.78438 2.49179 53
-2.88786 2.44902 53
-2.98952 2.4047 53
-3.0893 2.35887 53
-3.18712 2.31154 53
-3.28293 2.26275 53
-3.37666 2.21254 53
-3.46827 2.16093 53
-3.55768 2.10795 53
-3.64484 2.05364 53
-3.72971 1.99804 53
-3.81221 1.94117 53
-3.89231 1.88307 53
-3.96995 1.82379 53
-4.04508 1.76336 53
-4.11766 1.70181 53
-4.18764 1.63918 53
-4.25497 1.57552 53
-4.31962 1.51087 53
-4.38153 1.44526 53
-4.44068 1.37874 53
-4.49703 1.31135 53
-4.55053 1.24313 53
-4.60116 1.17412 53
-4.64888 1.10437 53
-4.69367 1.03393 53
-4.73549 0.962831 53
-4.77432 0.891125 53
-4.81014 0.818856 53
-4.84292 0.74607 53
-4.87263 0.672812 53
-4.89928 0.59913 53
-4.92282 0.525069 53
-4.94326 0.450677 53
-4.96057 0.376 53
-4.97476 0.301085 53
-4.98579 0.22598 53
-4.99368 0.150733 53
-4.99842 0.0753903 53
-5 3.67394e-16 53
-4.99842 -0.0753903 53
-4.99368 -0.150733 53
-4.98579 -0.22598 53
-4.97476 -0.301085 53
-4.96057 -0.376 53
-4.94326 -0.450677 53
-4.92282 -0.525069 53
-4.89928 -0.59913 53
-4.87263 -0.672812 53
-4.84292 -0.74607 53
-4.81014 -0.818856 53
-4.77432 -0.891125 53
-4.73549 -0.962831 53
-4.69367 -1.03393 53
-4.64888 -1.10437 53
-4.60116 -1.17412 53
-4.55053 -1.24313 53
-4.49703 -1.31135 53
-4.44068 -1.37874 53
-4.38153 -1.44526 53
-4.31962 -1.51087 53
-4.25497 -1.57552 53
-4.18764 -1.63918 53
-4.11766 -1.70181 53
-4.04508 -1.76336 53
-3.96995 -1.82379 53
-3.89231 -1.88307 53
-3.81221 -1.94117 53
-3.72971 -1.99804 53
-3.64484 -2.05364 53
-3.55768 -2.10795 53
-3.46827 -2.16093 53
-3.37666 -2.21254 53
-3.28293 -2.26275 53
-3.18712 -2.31154 53
-3.0893 -2.35887 53
-2.98952 -2.4047 53
-2.88786 -2.44902 53
-2.78438 -2.49179 53
-2.67913 -2.53298 53
-2.5722 -2.57258 53
-2.46364 -2.61055 53
-2.35352 -2.64687 53
-2.24192 -2.68152 53
-2.1289 -2.71448 53
-2.01453 -2.74572 53
-1.8989 -2.77523 53
-1.78206 -2.80299 53
-1.6641 -2.82897 53
-1.54508 -2.85317 53
-1.4251 -2.87557 53
-1.30421 -2.89614 53
-1.18249 -2.9149 53
-1.06004 -2.9318 53
-0.936907 -2.94686 53
-0.813186 -2.96006 53
-0.688951 -2.97138 53
-0.564282 -2.98083 53
-0.439256 -2.9884 53
-0.313953 -2.99408 53
-0.188451 -2.99787 53
-0.0628302 -2.99976 53
0.0628302 -2.99976 53
0.188451 -2.99787 53
0.313953 -2.99408 53
0.439256 -2.9884 53
0.564282 -2.98083 53
0.688951 -2.97138 53
0.813186 -2.96006 53
0.936907 -2.94686 53
1.06004 -2.9318 53
1.18249 -2.9149 53
1.30421 -2.89614 53
1.4251 -2.87557 53
1.54508 -2.85317 53
1.6641 -2.82897 53
1.78206 -2.80299 53
1.8989 -2.77523 53
2.01453 -2.74572 53
2.1289 -2.71448 53
2.24192 -2.68152 53
2.35352 -2.64687 53
2.46364 -2.61055 53
2.5722 -2.57258 53
2.67913 -2.53298 53
2.78438 -2.49179 53
2.88786 -2.44902 53
2.98952 -2.4047 53
3.0893 -2.35887 53
3.18712 -2.31154 53
3.28293 -2.26275 53
3.37666 -2.21254 53
3.46827 -2.16093 53
3.55768 -2.10795 53
3.64484 -2.05364 53
3.72971 -1.99804 53
3.81221 -1.94117 53
3.89231 -1.88307 53
3.96995 -1.82379 53
4.04508 -1.76336 53
4.11766 -1.70181 53
4.18764 -1.63918 53
4.25497 -1.57552 53
4.31962 -1.51087 53
4.38153 -1.44526 53
4.44068 -1.37874 53
4.49703 -1.31135 53
4.55053 -1.24313 53
4.60116 -1.17412 53
4.64888 -1.10437 53
4.69367 -1.03393 53
4.73549 -0.962831 53
4.77432 -0.891125 53
4.81014 -0.818856 53
4.84292 -0.74607 53
4.87263 -0.672812 53
4.89928 -0.59913 53
4.92282 -0.525069 53
4.94326 -0.450677 53
4.96057 -0.376 53
4.97476 -0.301085 53
4.98579 -0.22598 53
4.99368 -0.150733 53
4.99842 -0.0753903 53
